MutationType	InD1	InD2a	InD2b	InD3a	InD3b	InD4a	InD4b	InD4c	InD4d	InD6	InD7	InD8	InD9	InD9a	InD9b	InD9c	InD11	InD12	InD13	InD14	InD15	InD16a	InD16b	InD17	InD18	InD19	InD20	InD21	InD23	InD24	InD26	InD29	InD30	InD31	InD32	InD33
A[Ins(C):R0]A	0.002850688	0.004362029	0.000766026	9.44011e-06	0.014057997	0.001045791	6.97224e-05	0.000664807	2.57e-05	0.000748286	2.87e-208	0.002153139	0.002879089	0.001368176	0.000322063	0.002146159	5.29e-14	0.216794923	0.004518954	0.009138677	0.024623	0.000118268	0.000131508	0.000493583	3.31e-07	0.000886968	0.0245937	0.000521817	1.98556e-06	0.0004875	0.000190881	0.005588722	0.0	0.00073999	0.002321981	0.000932907
A[Ins(C):R0]T	0.00042451	0.001877613	4.64533e-05	0.000291948	0.005464105	0.000237624	1.01e-203	1.48e-05	3.45e-05	0.000531903	0.0	0.001304737	0.000743965	0.002610078	0.000104367	0.001007945	4.15e-25	0.124207717	0.000515723	0.001365166	8.46775e-05	3.02181e-05	0.000129343	0.000246792	6.98e-15	1.87e-51	0.001018379	5.91615e-05	6.6743e-05	1.48e-20	3.11e-43	0.000844835	0.0	5.15e-07	0.0	0.0
Ins(C):R(0,3)	0.009130554	0.001938703	0.006783305	0.016148851	0.025129405	0.011627113	0.008225773	0.003211008	0.007635094	0.000167089	0.002389912	0.011617025	0.014641678	0.029209879	0.018536266	0.009515838	0.021769816	0.051641169	0.025424016	0.007927459	0.006253817	0.000570681	0.001186554	0.052813425	0.007949605	0.011767842	0.005562324	0.00434966	0.039005208	0.038992677	0.028863001	0.020994643	0.248007501	0.03136888	0.006965944	0.012067153
Ins(C):R(4,6)	0.014527546	0.005003123	0.003945163	0.009581146	0.010825145	0.00397063	0.000296556	5.79e-05	0.003239247	0.000224466	0.009000834	0.000564246	0.001780925	0.001057721	0.001020154	7.79128e-05	0.020243656	0.002072868	0.005155342	0.021236117	0.007191025	0.005945966	0.014993019	0.004195459	0.000195944	0.025662703	0.003166785	0.014096355	0.003744394	0.004249374	0.292794232	0.004180311	0.60665729	0.005714434	0.004643963	0.050223133
Ins(C):R(7,9)	0.032920536	0.003078533	0.010950807	0.000839554	0.001338562	0.003341691	0.000754172	7.11e-05	0.000370064	8.25e-05	0.0094655	0.001406673	0.002216765	0.001282523	0.001941291	3.2337e-05	0.009480203	0.003404862	0.002662439	0.00565797	0.000255917	0.005275322	0.007456927	0.001974334	0.000439365	0.028476403	2.25e-51	0.015389861	0.002169572	0.002601483	0.026539942	0.001953269	0.001875293	0.004042586	0.006965944	0.045369697
A[Ins(T):R(0,4)]A	0.01352334	0.003612593	0.003941848	0.003658471	0.011482205	0.006317233	0.007922887	0.003706099	0.020881667	0.00021001	0.001290202	0.006272036	0.005548258	0.010899026	0.017853877	0.006653288	0.021907142	0.041784021	0.020774511	0.027587483	0.010858997	0.001520713	0.005900059	0.02023692	0.007993365	0.00898451	0.015584639	0.004646671	0.026901045	0.002645099	0.008564095	0.021913793	0.00140647	0.013271726	0.01006192	0.005005416
A[Ins(T):R(0,4)]C	0.005338144	0.000764698	0.00135685	0.001503708	0.005897862	0.003741301	0.001694874	0.001633359	0.000547793	0.001260597	0.001242795	0.000745443	0.009626047	0.014197402	0.004812915	0.003151197	0.011386405	0.00447794	0.013098435	0.023652717	0.004616805	0.001021657	0.004246594	0.002221125	0.007551224	0.002570987	0.005128795	0.002679415	0.008622217	0.002420384	0.002463536	0.008562621	0.00140647	0.003580546	0.004643963	0.007098559
A[Ins(T):R(0,4)]G	0.003996574	0.001619979	0.00042303	0.023442612	0.057550123	0.000746423	0.004417937	0.001967485	0.000900331	0.000983257	0.002235253	0.002688636	0.004397992	0.008589693	0.007631932	0.003920717	0.013311988	0.00693611	0.004396047	0.044873921	0.010629176	0.001664587	0.007256236	0.007897335	0.003409012	0.008148019	0.014549657	0.006859973	0.009875155	0.015208193	0.003148349	0.011779044	0.000937647	0.004467436	0.013931889	0.005473871
C[Ins(T):R(0,4)]A	0.003329743	5.67e-06	0.002121695	0.001393452	0.008432163	0.002882621	0.012299144	0.004883187	0.006878212	3.62e-05	0.001017434	0.001355216	0.00486289	0.009195194	0.008357847	0.000996536	0.014677064	0.001399593	0.008587458	0.006513384	0.015818843	0.001793057	0.007612562	0.019002962	0.001497202	0.003389274	0.019107606	0.001164023	0.009795814	0.005081368	0.004357975	0.010317968	0.000937647	0.022827454	0.002321981	0.00303073
C[Ins(T):R(0,4)]C	0.002130562	1.44e-06	0.005979022	0.002603289	0.005938809	0.00322618	0.00016406	0.000410624	0.00543256	0.000493956	0.00210602	0.000320685	0.01529078	0.014788123	0.004733998	0.000370969	0.014236409	0.002914065	0.024328132	0.011030095	0.018163205	0.001917841	0.008671226	0.004195459	0.000507454	0.005827772	0.014825132	0.00295608	0.002783474	0.002053515	0.00246303	0.0147835	0.000468823	0.001954523	0.003095975	0.009883567
C[Ins(T):R(0,4)]G	0.001558135	0.000344692	0.00087592	0.023608022	0.060197663	0.001450571	0.000125685	0.00600949	0.002567547	0.000102393	0.003664362	0.003806054	0.0012536	0.005011395	0.007076842	0.00262315	0.017260265	0.002952046	0.004481713	0.014998324	0.01085519	0.001826827	0.007028347	0.010612043	0.00079178	0.010792217	0.011050743	0.003788249	0.007042783	0.013911267	0.00267231	0.00683551	0.00140647	0.005658195	0.007739938	0.008617591
G[Ins(T):R(0,4)]A	0.001756733	0.000497278	0.003455506	0.000914287	0.009181745	0.0028761	0.00440611	0.00482194	0.00459022	2.15e-12	0.000152883	0.003109945	1.57e-05	0.000559948	0.012712314	0.002729951	0.010974739	0.005863424	0.005847845	0.003205725	0.002350239	3.23944e-05	0.000615667	0.014807502	0.000834964	0.001344414	0.001656816	0.000341012	0.004402528	0.001855433	0.001295176	0.011546009	0.004219409	0.009482291	0.059597523	0.002621486
G[Ins(T):R(0,4)]C	0.000181268	0.000211974	0.001452448	0.000354261	0.00775132	0.001715717	0.00025138	3.77e-05	0.001891905	0.000273924	0.000431874	0.001492898	0.007389285	0.005610351	0.006054127	0.002850222	0.004415414	0.00130837	0.004942714	0.003274757	0.001183358	0.00015409	0.000813734	0.002467917	0.000270139	0.001772107	0.000591684	0.000616016	0.002218192	0.001053837	0.001833415	0.004338453	0.003281763	0.001266551	0.054179567	0.006907647
G[Ins(T):R(0,4)]G	0.003578811	0.001225846	0.002138486	0.016092719	0.055285884	0.001943351	0.003655377	0.000209697	0.008465576	0.00011512	0.001700424	0.003521858	0.003613648	0.008626606	0.005903944	0.003381526	0.008372074	0.001924523	0.004169995	0.013792928	0.003786475	0.000478258	0.001638683	0.003208292	0.000686852	0.007814436	0.002036826	0.002930922	0.005400184	0.005298837	0.003112333	0.005554761	0.001875293	0.005173218	0.086687307	0.003158522
A[Ins(T):R(5,7)]A	0.045016311	0.007457293	0.008088112	0.004146208	0.006098559	0.004324664	0.007906696	0.001748421	0.00026374	0.000442365	0.011803256	0.001882684	0.000143255	0.000344957	0.010041956	0.005584012	0.062525764	0.008101782	0.006937322	0.078665163	0.109833648	0.021033915	0.05974701	0.003701876	0.006380824	0.039266701	0.04682817	0.03105697	0.012193604	0.0053647	0.026945908	0.004212069	0.001875293	0.012130458	0.019349845	0.040809485
A[Ins(T):R(5,7)]C	0.050983053	0.00195354	0.00720289	0.001256709	0.004600367	0.004510539	0.00200396	0.000428921	0.000188686	0.00060812	0.011667501	0.000665819	0.009093023	0.013055233	0.007626364	0.007635893	0.084914187	0.009098162	0.010325216	0.085358779	0.083477901	0.011935942	0.042220133	0.003208292	0.00556315	0.03452589	0.032909862	0.040974654	0.005705686	0.014602843	0.028597554	0.00268954	0.003750586	0.008836937	0.008513932	0.037944642
A[Ins(T):R(5,7)]G	0.034532712	0.002106059	0.007532219	0.006700972	0.005534843	0.002065155	0.001902841	0.003070532	0.00034386	3.1e-05	0.014056286	5.94e-05	6.32e-07	0.002624856	0.000952956	0.002602071	0.051726817	0.012446005	0.005084914	0.076660288	0.030071014	0.008545764	0.025781525	0.002467917	0.00324107	0.04970425	0.012850415	0.050661847	0.001682151	0.007881853	0.016434008	0.004301992	0.002344116	0.002689125	0.010835913	0.031305754
C[Ins(T):R(5,7)]A	0.021166888	0.003662729	0.004570737	0.001516763	0.003280282	0.003077557	0.00487105	0.000607518	0.000227603	0.000150143	0.004473374	0.000101083	0.002630358	0.001825326	0.00199498	0.002099556	0.034459897	0.00657263	0.003719321	0.02966981	0.073936166	0.00623627	0.029376305	0.00148075	0.000507629	0.016234801	0.035924527	0.014821764	0.007435876	0.003269774	0.009366159	0.001594992	0.002344116	0.002226479	0.00619195	0.018327425
C[Ins(T):R(5,7)]C	0.027846717	0.000853446	0.004466765	0.001266266	0.004036695	0.00201356	0.003414703	0.000663013	0.0002121	0.000179201	0.006471164	1.73e-07	0.004278183	0.005788117	0.002937332	0.002317286	0.047156258	0.005616159	0.004477801	0.046524274	0.068734158	0.004074574	0.023626173	0.001727542	0.002722516	0.019359313	0.028067343	0.0276075	0.007872813	0.010500903	0.014782939	0.002283977	0.000468823	4.6099999999999997e-23	0.005417957	0.023140426
C[Ins(T):R(5,7)]G	0.023050833	7.26e-05	0.005864786	0.003618437	0.004906168	0.002016651	0.002363688	0.000720008	7.65e-05	0.000182093	0.007989931	0.000358924	0.000672788	0.002389273	0.001433622	0.000491617	0.037867105	0.003624215	0.002178033	0.035173998	0.026569495	0.004826094	0.015942354	0.001974334	0.001138185	0.024685949	0.009712316	0.031415059	0.002997029	0.008622465	0.008832259	0.002381358	0.00140647	0.005383981	0.004643963	0.020424583
G[Ins(T):R(5,7)]A	0.019619622	0.002420099	0.006201656	0.000520475	0.002448512	0.001535316	0.001848113	0.000873747	0.001439001	0.000205677	0.006585257	0.000569271	0.000162698	0.001346814	0.003230526	0.003645203	0.031188539	0.007583853	0.001683275	0.02281087	0.051016538	0.008574275	0.024765592	0.000493583	0.002101757	0.021179687	0.020489894	0.016760853	0.006938384	0.004250326	0.014838877	0.003818481	0.000937647	0.003710169	0.010835913	0.048561771
G[Ins(T):R(5,7)]C	0.024918125	0.001074374	0.008938142	0.000568198	3.83255e-05	0.003221635	0.00189794	0.000593845	0.000602057	9.27e-05	0.008542587	0.000166227	0.001802446	0.005588794	0.002108172	0.003911504	0.033306536	0.003786347	0.003610015	0.037600154	0.049937159	0.007165591	0.022220291	0.001233959	0.000640424	0.025781814	0.018773554	0.02671605	0.006012384	0.005412955	0.008839593	0.003854305	0.00140647	0.003333301	0.009287926	0.063274266
G[Ins(T):R(5,7)]G	0.020254254	0.003280012	0.007062646	0.003237538	0.004310396	0.001297059	0.001964428	7.97e-05	0.000263716	0.000121156	0.012550022	0.000425094	0.000396894	0.003378588	0.000766576	0.002855161	0.038115045	0.007144232	0.003957392	0.035575972	0.02090227	0.007057225	0.017438492	0.0029615	0.00133072	0.043761767	0.005744144	0.039613323	0.00460149	0.000687012	0.008922804	0.001894411	0.00140647	0.005516066	0.013157895	0.063269985
A[Ins(T):R(8,9)]A	0.072882784	0.00095842	0.00660676	0.000748904	0.004902327	0.006156541	0.008584909	0.000685933	0.0040526	0.000601291	0.012632577	0.000885576	0.008831715	0.002678576	0.011887393	0.011626557	0.006862532	0.012886438	0.003939569	0.033980684	0.038966007	0.010685007	0.018510332	0.002467917	0.004952516	0.03903937	0.018157864	0.029112892	0.009706137	0.006178482	0.020070279	0.002507651	0.00140647	0.006037786	0.021671827	0.009806682
A[Ins(T):R(8,9)]C	0.079329979	0.00040005	0.004519016	0.001733715	0.003539277	0.005887338	0.002440596	0.001556455	0.003175765	0.001307881	0.013097027	0.000491112	0.007610536	0.001639445	0.013104234	0.012487775	0.00205171	0.011483066	0.004141345	0.039258318	0.050014936	0.013610233	0.023251725	0.0029615	0.004665417	0.035065308	0.024018224	0.034211425	0.006395132	0.002867957	0.008789657	0.005455546	0.00281294	0.006060286	0.014705882	0.008650091
A[Ins(T):R(8,9)]G	0.055815889	0.000318533	0.005801662	0.000741904	0.005426109	0.00303576	0.009154942	0.000734133	0.000622583	0.000806865	0.011144581	0.000484501	0.004001996	0.00097336	0.004063511	0.003912097	0.002109603	0.008356256	0.002287818	0.019146243	0.010441576	0.00593356	0.008381037	0.001727542	0.001900147	0.036418436	0.005186155	0.024623664	0.001439067	0.001374666	0.009760572	0.002791343	0.000468823	0.011861384	0.007739938	0.00517153
C[Ins(T):R(8,9)]A	0.039688491	0.001697315	0.005869303	0.000632729	0.003440288	0.002484166	0.004729384	0.000291775	0.00077367	7.98e-05	0.007188099	5.17e-05	0.003859946	0.000764608	0.004856906	0.00466046	0.002278816	0.005119785	0.002093788	0.01427947	0.017832631	0.006174365	0.010413359	0.00148075	0.001222439	0.02516501	0.006527932	0.016709147	0.002478682	0.004988974	0.007890982	0.000767407	0.000937647	0.002358629	0.007739938	0.006146283
C[Ins(T):R(8,9)]C	0.047435392	0.000476116	0.005645463	0.001130637	0.001060161	0.00362245	0.004012889	0.000938828	7.67e-05	0.000733946	0.009940453	0.00066612	0.002200639	0.000997804	0.006179062	0.005672339	0.00345891	0.005573029	0.001639323	0.020451169	0.033377898	0.011913619	0.019558241	0.001727542	0.001897164	0.027301811	0.011771313	0.025154872	0.00181338	0.004684043	0.013439508	0.002540656	0.001875293	0.009840458	0.008513932	0.00596345
C[Ins(T):R(8,9)]G	0.041727406	0.001394213	0.005734401	0.001094287	0.00220082	0.001879308	0.002246286	0.000866684	0.00076206	4.44e-05	0.010236873	0.001339089	0.0035283	0.001610371	0.001882883	0.002750978	0.000660913	0.005111741	0.001802288	0.011540337	0.006299129	0.005766939	0.008535706	0.002221125	0.000333006	0.039228604	0.002038252	0.019639981	0.002042375	0.000832228	0.008991574	0.002663452	0.00281294	0.003011666	0.005417957	0.006549019
G[Ins(T):R(8,9)]A	0.040121906	0.001041027	0.002486202	0.000545625	0.001833104	0.002789943	0.004238847	0.001260664	0.001543943	2.89e-05	0.008339759	0.000415343	0.003099362	0.002205044	0.007778558	0.010725888	0.002496933	0.006692146	0.002917866	0.014313493	0.016467257	0.006187735	0.008974803	0.001233959	0.001512603	0.027738134	0.006267674	0.018463774	0.007907775	0.004926772	0.00790562	0.001856259	0.001875293	0.006587745	0.005417957	0.008545938
G[Ins(T):R(8,9)]C	0.043916273	0.001524424	0.004834422	0.002158765	0.001532698	0.002394071	0.005041585	0.000949625	0.00312553	1.37e-05	0.009705909	0.001550826	0.001283062	0.000871371	0.008082115	0.008696498	0.000452412	0.004803898	0.00362229	0.015952946	0.022625911	0.008177773	0.011417496	0.000493583	0.002050036	0.029960446	0.009296808	0.021147545	0.005211799	0.002301631	0.006243879	0.003432678	0.002344116	0.007471565	0.012383901	0.007992714
G[Ins(T):R(8,9)]G	0.040177585	0.000475698	0.005350158	0.000329096	0.003311136	0.001058829	0.000255853	6.39e-05	0.001458988	6.34e-05	0.010521198	0.001057789	0.002035913	0.004631231	0.001106633	0.002312218	0.002938446	0.005188243	0.00276211	0.009299819	0.005531206	0.004806545	0.005825293	0.000987167	0.001621532	0.040979193	0.001443635	0.01870743	0.002757769	0.001506849	0.008422089	0.00133436	0.000937647	0.003678406	0.007739938	0.009237086
Ins(2,4):R0	0.012194202	0.001552197	0.014266045	0.003672688	0.003751517	0.005560297	0.002394813	0.003412422	0.011115746	0.006217797	0.004658523	8.54e-05	0.02252487	0.025238028	0.002618661	0.004146962	0.000458036	0.046014876	0.019655336	0.007861164	0.014810467	0.001901533	0.001761365	0.068114511	5.6709e-05	0.016881542	0.013839473	0.008432032	0.004868229	0.003497091	0.004697646	0.015050198	0.000937647	0.013095075	0.006965944	0.007204221
Ins(5,):R0	0.000844059	0.004472975	0.010537126	0.000779902	0.001000098	0.010462296	0.003656644	8.87e-06	0.034547654	0.01566861	0.004068428	5.31e-05	0.008426263	0.012612848	0.008830285	0.010757029	0.03585413	0.007923017	0.018043651	0.002695465	0.005013974	0.000970377	0.001565857	0.009378085	0.003116262	0.015192033	0.005949289	0.004169894	0.044383701	0.006915844	0.012375759	0.010585401	0.003281763	0.013869215	0.011609907	0.027205517
Ins(2,4):R1	0.0078176	2.9e-15	0.004247114	0.000710774	0.004433113	0.010839103	0.008847565	0.004406355	0.012678825	2.92e-06	0.000347934	0.004704497	0.014084488	0.008263114	0.010451367	0.002652218	0.009430532	0.003919397	0.012171448	0.001312826	0.001290656	4.94383e-05	4.0800000000000005e-129	0.201628825	0.004114194	0.001577959	0.001067211	0.000625863	0.048291223	0.000123217	0.006531289	0.010974863	0.000468823	0.004540579	0.002321981	0.002978724
Ins(5,):R1	0.005419384	0.003623105	0.005404125	0.000369313	0.001862561	0.012144081	0.000143961	0.001116393	0.017725967	0.00866465	2.58e-96	0.02091271	0.004384059	0.000304971	0.001300666	0.010453565	0.03738554	0.008105003	0.013272527	0.002185876	0.001190515	4.64e-242	2.78e-26	0.005676209	0.000398341	0.004730133	0.000677592	0.00023768	0.32552983	0.002815387	0.004650348	0.013879123	0.001875293	0.00109661	0.006965944	0.007190532
Ins(2,):R(2,4)	0.008996927	0.001350884	0.009714936	0.001683022	0.007511155	0.008430368	0.006421967	0.000883608	0.017208084	0.003514239	0.003141811	0.001789326	0.006187571	0.013398392	0.008930299	0.00036145	0.012896857	0.005093287	0.00557829	0.002386889	0.00304208	0.00122971	0.002342009	0.063425469	0.008690357	0.008170715	0.00314024	0.001797266	0.022986659	0.005844803	0.009900387	0.014564103	0.001875293	0.006017816	0.007739938	0.003725994
Ins(2,):R(5,9)	0.046020385	0.010451917	0.017195757	0.000182744	0.004600424	0.011596969	0.008144542	0.000676414	0.032671436	0.003087909	0.023834297	0.001684015	0.011630225	0.017130937	0.007416994	0.002729994	0.000146832	0.013420301	0.016290865	0.008211186	0.012440442	0.010251282	0.011980691	0.004689042	0.000146511	0.059372676	0.003873381	0.013737906	0.010906638	0.016388981	0.010295864	0.001833544	0.00281294	0.001532154	0.023219814	0.007510175
[Del(C):R1]A	0.001223962	1.89e-19	0.00435634	0.019118051	0.039230797	0.008036129	0.019878934	0.000471047	0.002040243	1.4e-09	0.002247799	5.45e-06	0.156779404	0.160880159	0.032389589	0.055094708	4.71e-05	0.012314069	0.019040288	0.005813383	0.000966679	0.000700352	0.000336761	0.005182626	8.18951e-05	0.00170122	0.002162295	0.000801932	0.001944435	0.001057686	0.003568745	0.031680836	0.0	0.01171054	0.006965944	8e-106
[Del(C):R1]T	9.91e-14	0.001423835	0.025488245	0.006387033	0.025811755	0.005120921	0.021460165	3.47e-09	6.51e-08	0.015373797	0.001748931	0.00115537	0.207613798	0.176707465	0.072283238	0.09404316	3.55e-11	0.013198313	0.029124851	0.006592293	0.00331837	0.000982131	2.16e-34	0.005923001	1.28252e-05	0.001288702	0.010575766	0.001755042	0.001288823	0.004649728	0.004221545	0.03114137	0.000937647	0.018163693	0.018575851	0.087181986
[Del(C):R2]A	0.003505962	0.001517889	0.004209966	0.124373046	0.097649464	0.005737478	0.005101518	0.000301529	0.006301797	0.001949483	0.000609354	0.00850487	0.041150897	0.022726818	0.033068892	0.01836267	0.012545738	0.001902706	0.011257061	0.006844684	0.005237973	0.000626608	0.002699138	0.003455084	0.001159199	0.000671455	0.013608445	0.000856758	0.006033365	0.006633814	0.007806983	0.015627788	0.005157056	0.013755334	0.012383901	0.004879853
[Del(C):R2]T	0.000224456	0.005786819	0.010203663	0.061572376	0.056902304	0.00261728	0.02008628	0.001125053	0.001810419	0.008064047	1.65e-165	0.012309353	0.065316021	0.034461482	0.044809481	0.040862626	0.013872899	0.005061588	0.020087039	0.006164015	0.001379446	0.000146299	0.000815255	0.004935834	0.001443494	0.000162868	0.002559474	0.001717294	0.001585523	0.006350828	0.004673762	0.031088162	0.003750586	0.016181905	0.014705882	0.028351447
[Del(C):R3]A	1.26e-05	0.001368168	0.002904495	0.102255565	0.078635465	0.001816911	0.003695273	0.001043297	0.000464812	0.006466706	0.00061681	0.001131705	0.01575582	0.015521574	0.011235689	0.005435336	0.009791034	0.002858993	0.006542403	0.004363406	0.00072985	0.000642322	0.001332524	0.00148075	4.75527e-06	0.000121541	0.003879632	0.001386814	0.003210605	0.006815574	0.004545027	0.006576517	0.00140647	0.008855393	0.004643963	0.001630518
[Del(C):R3]T	4.29e-05	0.000762779	0.001361823	0.048614193	0.029065606	0.001018237	0.006393056	0.000120306	0.001316853	0.003285518	0.000872092	0.002121979	0.014213245	0.01287158	0.014055272	0.008337471	0.009739434	0.000762999	0.006828392	0.004313242	0.00066331	0.000603502	0.000750305	0.001974334	1.61268e-05	4.29e-05	0.00165224	0.001901669	0.003325289	0.004177461	0.010720325	0.010614711	0.0	0.00595454	0.00619195	0.00357805
[Del(C):R(4,5)]A	0.000233919	0.00350727	0.006744607	0.084637294	0.042108075	0.003252771	0.001626495	0.002349143	0.001739237	0.003975788	0.009483611	0.002244347	0.019594128	0.006695853	0.016515269	0.002434138	0.014751054	0.001538548	0.004711707	0.011104071	0.001222928	0.005253415	0.005262841	0.000987167	0.000382499	0.001080842	0.004361792	0.010248137	0.00978685	0.014226068	0.005797919	0.011832966	0.000468823	0.00332859	0.007739938	0.004658178
[Del(C):R(4,5)]T	0.000510436	0.003242832	0.005939879	0.046546479	0.018885202	0.00126076	0.003926656	0.001056189	0.000120804	0.002898623	0.010260467	0.001858228	0.01592849	0.005413316	0.011456665	0.00542862	0.009716629	0.000951922	0.004203064	0.007092233	0.000703648	0.00369387	0.003061888	0.001233959	0.001031109	0.000937501	0.001072452	0.00707147	0.006937591	0.009902665	0.003081769	0.006778179	0.000468823	0.004349203	0.006965944	0.003471058
[Del(C):R(1,5)]G	0.000834815	0.002679311	0.003694943	0.057849722	0.026246699	0.006367305	0.027543865	0.000189335	0.01078831	0.002377604	0.003485699	0.005847111	0.017690551	0.02131615	0.010757148	0.006769891	0.012872724	0.001257624	0.010393791	0.004341778	0.000715486	0.001546486	0.000890349	0.00148075	0.000587094	0.00042197	0.001694662	0.003197967	0.002412402	0.012374672	0.009261642	0.012047918	0.0	0.111549708	0.001547988	0.000572478
Del(C):R(6,9)	0.003748943	0.021693247	0.022319158	0.031033457	0.012390645	0.007611712	0.000264632	0.001279281	0.016992076	0.000992555	0.046738288	0.001104741	0.005140704	0.007710197	0.008574298	0.013427991	0.016268577	0.00466558	0.002921298	0.003542475	0.00151563	0.024215458	0.015593012	0.000740375	0.001743979	0.009501581	0.001022506	0.019630147	0.006023056	0.011562168	0.006717483	0.003575003	0.0	0.008257506	0.007739938	0.031373414
A[Del(T):R(1,4)]A	0.013052434	0.017778003	0.015184264	0.015957799	0.007215032	0.016961813	0.038923822	0.003916053	0.002027924	0.012593628	5.59e-31	0.003291763	0.009714203	0.02428137	0.030481511	0.034575652	0.001457114	0.009405337	0.194626659	0.010566806	0.004904132	0.018004155	0.021995659	0.011846002	0.323289335	0.002751116	0.05692717	0.006918501	0.024341955	0.014779195	0.013040697	0.053482248	0.007969995	0.058780899	0.031733746	0.001153813
A[Del(T):R(1,4)]C	0.001632907	0.003852473	0.004115095	0.010502338	0.003968006	0.008460753	0.019364495	0.001895994	0.001529548	0.004611577	0.001476011	0.003347642	0.007161579	0.003643477	0.007160961	0.007259803	0.010625652	0.005677258	0.009794906	0.008004851	0.00475244	0.006542826	0.010599622	0.002714709	0.209498476	0.00074962	0.040139753	0.005332185	0.008273057	0.001262682	0.002191927	0.028664869	0.003750586	0.01538159	0.009287926	0.004141969
A[Del(T):R(1,4)]G	0.004984554	0.004235318	0.004073078	0.011211956	0.008714823	0.009124892	0.019881729	0.002506673	0.00405847	0.005067267	0.001284237	0.004816664	0.006539516	0.011093602	0.01752435	0.026330018	0.006590136	0.004010577	0.008142916	0.005243534	0.001487898	0.00555136	0.008055962	0.003701876	0.112460629	0.000842518	0.022396689	0.00282508	0.004736502	0.014432176	0.005763625	0.028185258	0.005625879	0.021396967	0.00619195	1.06e-08
C[Del(T):R(1,4)]A	0.004578038	0.007325734	0.00511271	0.029789408	0.027288434	0.007627181	0.035561016	0.004706539	0.000538984	0.006353965	2.65e-09	0.008768946	0.015825939	0.016790733	0.039141254	0.016370773	0.006727978	0.00948063	0.043854102	0.004472379	0.000194993	0.004763535	0.003711809	0.004195459	0.007772915	0.000426505	0.003581039	0.00341691	0.02319115	0.017113015	0.011980824	0.027617304	0.007501172	0.066213711	0.013931889	0.002912372
C[Del(T):R(1,4)]C	0.003004678	0.005000783	0.003933283	0.01854601	0.011231672	0.00366708	0.024451325	0.002770595	0.002420519	0.002059064	0.001682427	0.011763988	0.018619662	0.009840124	0.029285706	0.013845244	0.00553939	0.006258613	0.01098373	0.003348591	0.000339768	0.003247536	0.003441461	0.0029615	0.004822181	0.000229086	0.003036071	0.005865504	0.00669122	0.005330632	0.006785518	0.019459425	0.00281294	0.016610305	0.01006192	0.005005051
C[Del(T):R(1,4)]G	0.001237508	0.005546043	0.003512396	0.030712739	0.029350551	0.003530921	0.029297338	0.003175743	0.000316308	0.004172707	8.37e-20	0.015408834	0.016404152	0.014975597	0.028368639	0.020949221	0.005278496	0.005489706	0.008252799	0.002015135	6.18794e-05	0.002539219	0.002474031	0.003208292	0.002312908	0.000316222	0.000831034	0.002340165	0.004971037	0.005131373	0.005496248	0.020951003	0.000468823	0.040555567	0.009287926	0.004614132
G[Del(T):R(1,4)]A	0.003264815	0.005547091	0.007588849	0.008867259	0.005223901	0.00478372	0.021984296	0.000669427	0.000255693	0.007149833	2.27e-19	0.002894391	0.010545057	0.010665774	0.025057057	0.008281831	0.006777206	0.007339954	0.091487005	0.006983724	0.001167207	0.01350306	0.013709832	0.007403751	0.006787758	7.63e-184	0.00851251	0.002222387	0.013436062	0.156874704	0.003574409	0.016671437	0.004688233	0.02935247	0.007739938	0.002663883
G[Del(T):R(1,4)]C	0.001210418	0.003743648	0.005383642	0.007104619	0.003870076	0.001762964	0.011431467	0.000401011	0.002677871	0.002721126	0.000811322	0.006470739	0.015772887	0.005812011	0.020263241	0.009498723	0.003886036	0.004645802	0.005985091	0.004294905	0.001609915	0.006908153	0.009222568	0.002714709	0.004085809	0.000154814	0.006696368	0.002876306	0.00311654	0.008420238	0.004994778	0.016809824	0.000937647	6.3299999999999996e-158	0.004643963	0.002448867
G[Del(T):R(1,4)]G	0.000734731	0.005077187	0.002990332	0.010547587	0.007322293	0.001936901	0.015517501	6.8e-05	0.001500054	0.003514506	1.9e-20	0.009755975	0.017592429	0.010332317	0.01132285	0.014856122	0.005171094	0.004125418	0.007883635	0.005119573	0.000936133	0.005115871	0.007115444	0.000740375	3.76e-07	3.09e-05	0.003805735	0.001567259	0.002154349	0.288380545	0.004139355	0.010390808	0.002344116	0.014705674	0.002321981	0.001117
A[Del(T):R(5,7)]A	0.000138157	0.069990296	0.034796545	0.013199552	0.003406888	0.008105618	0.003860915	0.002106165	0.000180103	0.006601496	0.045556419	0.004547834	0.006566306	0.00323448	0.02643415	0.016213073	0.012425111	0.011588262	0.017439471	0.008151386	0.012576619	0.112670819	0.073152202	0.000246792	0.053657334	0.01181705	0.108257654	0.021340439	0.010483946	0.008192423	0.01550883	0.012654611	0.00140647	0.010695305	0.012383901	0.01033581
A[Del(T):R(5,7)]C	0.002555468	0.046072644	0.018893843	0.007538158	0.002053156	0.005277543	0.003777407	0.003009305	2.71e-05	0.002836159	0.015862905	0.00329239	0.00799838	0.005057796	0.016771032	0.010649809	0.010669712	0.007393745	0.004001042	0.00900889	0.009733731	0.037305909	0.028533651	0.000493583	0.048936959	0.006870793	0.054037993	0.016144091	0.013004904	0.011049135	0.007093818	0.008545077	0.000937647	0.006541658	0.009287926	0.004223001
A[Del(T):R(5,7)]G	2.1e-13	0.03305349	0.020806878	0.006250591	0.001336809	0.002208635	0.002173092	0.000933921	3.7100000000000005e-27	0.005344885	0.026492317	0.001400192	0.002409656	0.0005832	0.004329033	0.006756234	4.34e-05	0.007635643	0.00278858	0.001826559	0.00413986	0.043716733	0.028525736	0.000246792	0.043713583	0.006665008	0.040690712	0.011115023	0.002042501	0.004484339	0.004814086	0.007522176	0.0	0.003058701	0.00619195	0.004086356
C[Del(T):R(5,7)]A	5.38e-05	0.024545462	0.01282338	0.012699584	0.003441609	0.005107338	0.007020797	0.000529902	0.000803392	0.002408275	0.025045871	0.002064233	0.009095597	0.00273096	0.012941551	0.012998777	0.007668548	0.008224515	0.006551703	0.003342347	0.012651463	0.0380558	0.025077444	0.0	0.001612725	0.005461028	0.020662816	0.011919077	0.00792092	0.006821279	0.009266613	0.003181482	0.0	0.007127586	0.009287926	0.002626091
C[Del(T):R(5,7)]C	0.000104048	0.023134343	0.0186289	0.011069288	0.002599651	0.00504356	0.000409275	0.001440229	0.004070098	0.001431192	0.023558085	0.004189106	0.003826357	0.00542385	0.011753943	0.009942097	0.006801537	0.006344562	0.001684508	0.00290384	0.004536051	0.030088748	0.018226046	0.000493583	0.001261878	0.00483498	0.011058371	0.01638369	0.008156232	0.004351205	0.007668496	0.006249982	0.000468823	0.003551133	0.005417957	0.006818929
C[Del(T):R(5,7)]G	4.65e-07	0.019207646	0.012080804	0.007679556	0.002616154	0.00277479	0.002720767	0.000299229	0.000333836	0.002771021	0.021118631	0.000991725	0.005677152	0.002934059	0.006593433	0.004559965	0.003304437	0.00258733	0.000998157	0.000884608	0.0021579	0.024097982	0.013299299	0.000246792	0.001465601	0.002907603	0.004968096	0.009127625	0.00468546	0.002899563	0.004618111	0.003127197	0.0	0.002461958	0.003869969	0.00081225
G[Del(T):R(5,7)]A	1.9e-05	0.015530478	0.016911904	0.005429999	0.001008653	0.002496225	0.004809043	0.000607474	0.000388899	0.00308376	0.019850287	0.002171678	0.00731373	0.002799039	0.013543712	0.007076642	0.00747944	0.006161987	0.007423673	0.003263217	0.00404032	0.0431914	0.026807971	0.000493583	0.001914985	0.002217502	0.011202407	0.009353024	0.005488733	0.008099918	0.009415281	0.005695501	0.0	1.65e-90	0.002321981	0.012021662
G[Del(T):R(5,7)]C	3.75e-05	0.014032022	0.016963392	0.004336594	0.000138803	0.002963454	0.002078182	0.000651007	0.001640961	0.001671607	0.014100592	0.002434615	0.005824999	0.000595547	0.006927553	0.004913523	0.005327212	0.006970522	0.002222657	0.002984741	0.002181216	0.019013293	0.011698123	0.000246792	0.000954037	0.002757203	0.006676661	0.009558228	0.001764149	0.003430644	0.004464577	0.006577448	0.000468823	0.002068955	0.002321981	0.01231958
G[Del(T):R(5,7)]G	2.72e-07	0.013741723	0.012434142	0.004782664	0.001655631	0.001847685	0.000945423	0.001733368	2.79e-05	0.003522847	0.012528252	0.001520069	0.009961071	0.002403275	0.008059312	0.006726609	0.003126652	0.003807159	0.002146598	0.001508088	0.001027949	0.022594544	0.014024287	0.000246792	0.000975121	0.002150621	0.005608237	0.006491268	0.001114623	0.006207544	0.004139754	0.003970094	0.0	0.0041091	0.001547988	0.005488017
A[Del(T):R(8,9)]A	0.001433019	0.11845749	0.073780545	0.00093646	0.007523935	0.017096753	0.001950497	0.001010462	0.003124724	0.000555188	0.073963934	0.002426123	6.84e-06	0.001855766	0.010319814	0.007793203	1.12e-05	0.017229124	0.005656247	0.002538749	0.014119694	0.07597933	0.047512494	0.000987167	0.007256364	0.021376503	0.04477428	0.041527387	0.008212423	0.008264026	0.015320019	0.000626186	0.000937647	0.010366688	0.01625387	0.009574543
A[Del(T):R(8,9)]C	0.003226281	0.088847258	0.060228667	0.000325536	0.003714808	0.012627958	0.000130971	0.00037335	0.001075355	0.000242066	0.038350091	0.002642094	0.003152528	0.005293602	0.011468773	0.015977528	0.005704575	0.014141416	0.001667543	0.002406005	0.004307617	0.042772814	0.026537157	0.001233959	0.007821037	0.016251629	0.025653421	0.02996133	0.005203219	0.014113421	0.01959387	0.002252115	0.00140647	0.00358554	0.01006192	0.01455135
A[Del(T):R(8,9)]G	0.000883944	0.051238812	0.022760432	0.000465112	0.003567296	0.005424394	2.98465e-06	0.000247607	0.003239687	0.000656194	0.041232744	1.11e-05	0.000190661	0.000422493	0.001295917	0.003570474	0.000896727	0.009224062	0.00107009	0.000269769	0.001358067	0.026475017	0.015027219	0.000246792	0.002320186	0.013383679	0.011304074	0.021711383	0.00650573	0.009885135	0.004808352	0.000962343	0.0	0.001000666	0.001547988	0.002938901
C[Del(T):R(8,9)]A	0.000426423	0.061995282	0.035753621	0.000698009	0.006653048	0.01457642	0.001043771	0.000353481	0.007017588	1.37e-05	0.055747361	9.93e-06	0.001118045	0.000214269	0.002325975	0.010241768	0.001066354	0.016704681	0.003110869	0.000738423	0.00793369	0.040148663	0.025870074	0.0	0.000458159	0.01677345	0.006184799	0.028167412	0.006698137	0.018909164	0.005626792	0.000791621	0.000468823	0.003860261	0.003095975	0.016712927
C[Del(T):R(8,9)]C	0.002414824	0.06144102	0.071945861	0.000636347	0.005698006	0.016242929	0.005680105	0.000132369	0.004119664	0.000392221	0.056822371	0.000899296	0.000418356	0.000546808	0.001007437	0.00130368	0.000348702	0.018051764	0.001025802	0.00117512	0.002443662	0.041395161	0.019611772	0.001727542	0.000719561	0.01495229	0.002486627	0.030728264	0.000240821	0.022076796	0.018450395	0.00183954	0.000937647	0.00152162	0.006965944	0.015665608
C[Del(T):R(8,9)]G	6.46e-05	0.045277702	0.021761725	0.000126701	0.005138081	0.007859667	0.001437134	0.000270072	0.004390766	1.7e-08	0.060315318	1.13e-05	0.000239604	0.000191282	4.54538e-05	2.03407e-05	0.000445149	0.006201135	0.001395487	7.29e-70	0.000931354	0.02409711	0.013436358	0.000246792	0.000153731	0.016272296	1.2299999999999999e-30	0.023881473	0.000481539	0.004861055	0.010055798	0.001453208	0.0	0.00433551	0.003095975	6.699999999999999e-61
G[Del(T):R(8,9)]A	0.000171663	0.035190805	0.029306259	0.000210402	0.002008118	0.007395989	0.000256329	0.000424005	0.000151209	0.000205187	0.036078633	0.000181578	0.001224434	0.000128061	0.002325909	0.006421135	0.000999786	0.00479411	0.001210498	0.000700057	0.00522247	0.026281364	0.015708421	0.0	0.002184516	0.009313706	0.006226742	0.016004265	0.001286996	0.012000841	0.010016268	0.001464573	0.000937647	0.000194061	0.004643963	0.018533227
G[Del(T):R(8,9)]C	0.000856208	0.033049033	0.031088767	0.000463509	0.00277007	0.00588597	0.000339061	0.000213624	0.000376207	0.000641019	0.024600865	0.000271599	0.000315622	0.002060914	0.002411669	0.001674482	0.000774582	0.005082216	0.001581832	0.000571346	0.001429453	0.018031659	0.009844462	0.0	0.00083705	0.007552625	0.001513048	0.014142872	0.000434574	0.005345722	0.011074324	0.001725309	0.0	0.003065926	0.00619195	0.014404295
G[Del(T):R(8,9)]G	0.000226337	0.02012519	0.01336369	5.88849e-05	0.002990314	0.003443273	0.000820456	0.000797678	0.001073194	0.00018875	0.026365496	0.000127594	0.000173375	3.67075e-05	0.001002254	6.78437e-05	0.002712199	0.003854617	0.000536718	0.000109604	0.000932738	0.012474661	0.007291698	0.0	0.000217913	0.006562155	0.000753556	0.010635437	0.000489355	0.001794874	0.002819679	0.000277032	0.000468823	0.001042725	0.0	0.004221004
Del(2,4):R1	0.006756829	0.005378889	0.006429377	0.000311179	0.00712635	0.040913628	0.099243223	0.143158024	0.003609032	0.006028765	0.004365256	0.011517677	0.018211585	0.01957281	0.029224161	0.025156444	0.002626008	0.010762831	0.014312412	0.000287092	0.00094855	0.002949754	0.000812491	0.063425469	0.008748605	0.002742114	0.001232219	0.00437256	0.011934841	0.000112396	0.005908505	0.034786067	0.000468823	0.039442695	0.025541796	0.000576642
Del(5,):R1	0.001570351	0.000636459	0.003601857	0.004098407	0.001706981	0.009985551	0.040074895	0.012531366	0.005929263	0.024196508	0.001356183	0.281672749	0.00774254	0.005757864	0.023790378	0.001779644	0.024107937	0.000864153	0.035696869	0.000164977	0.000317902	0.000208335	3.31e-222	0.050098717	0.004451321	3.1600000000000003e-58	0.000174766	0.000157321	0.010293974	0.00173756	0.004377295	0.072371485	0.003750586	0.0068074	0.020123839	0.002485496
Del(2,8):U(1,2):R(2,4)	0.001725129	0.011594009	0.040068813	0.02656812	0.013812809	0.147334677	0.059717612	0.320509934	0.066986848	3.1e-05	0.005298244	0.005493345	0.001373377	0.050791154	0.018502399	8.10757e-05	0.01231204	0.012039212	0.010467419	0.000163856	0.000469937	0.001595085	1.87e-31	0.017522211	0.014579317	0.00125974	0.000290328	0.001618738	0.017041972	0.007071485	0.016120858	0.02084401	0.003281763	0.025417032	0.017027864	0.001370236
Del(2,):U(1,2):R(5,9)	0.00015494	0.0131198	0.009455994	0.015168218	0.002437459	0.032197382	0.014191608	0.052797145	0.023479864	0.005005302	0.033333159	3.71e-05	0.00035438	0.011166696	0.005002096	0.039057272	0.000837431	0.00409515	0.006503673	0.000323588	0.000631911	0.020083004	0.002978269	0.002467917	0.007238085	0.00291592	0.000604277	0.004330953	0.008542751	0.003772504	0.002432993	0.005061058	0.00140647	0.00494502	0.003095975	0.001761998
Del(3,):U(3,):R2	0.010692896	0.006176768	0.01246839	0.000598594	0.002178551	0.141068445	0.027868371	0.039115652	0.25729246	0.004524972	2.8e-09	0.005165765	0.002340132	0.012326684	0.015295639	0.067703388	0.000525967	0.00225493	0.004793988	2.37e-90	0.0002663	0.000283489	0.001025144	0.01159921	0.003506889	0.0	2.97e-101	8.8e-252	0.011641826	0.004658055	0.003849407	0.009659265	0.00281294	1.6e-12	0.018575851	0.004828536
Del(3,):U(3,):R(3,9)	0.000575827	0.004838818	0.008834488	2.00758e-06	0.000599932	0.047600842	0.005032648	0.009867158	0.086374014	0.000262459	0.00164308	0.000900842	0.000698874	0.002911225	0.001681505	0.029102726	4.15e-05	0.001162551	0.001155364	0.000119445	0.000435215	0.000549012	0.0005681	0.000987167	1.24327e-06	0.000663133	0.000142393	0.000103746	0.004401691	0.000348099	0.002398861	0.001860889	0.00140647	0.001658643	0.004643963	0.000295114
Del(2,5):M1	0.007926951	0.000511976	0.010049837	0.002613769	0.002579972	0.061328529	0.094869167	0.253344611	0.001838261	0.01012164	0.004413656	0.005449528	0.014134183	0.022514674	0.022194543	0.035706954	0.000689243	0.006871215	0.008533162	0.000210383	0.000430198	0.00117819	0.000529031	0.051579467	0.00472511	0.000908375	0.000788651	0.001802641	0.008871323	0.002702903	0.003930067	0.025217979	0.003281763	0.016049096	0.015479876	5.82e-56
Del(3,5):M2	0.006165072	0.000699435	0.008459086	0.001454928	0.000953262	0.076028191	0.04550709	0.0353674	0.154767506	0.019495904	0.001592916	5.95e-05	0.004906956	0.008933604	0.014226534	0.047515367	0.000176113	0.003166786	0.004495209	0.000142943	0.000230794	0.000420361	0.000636987	0.021964462	0.003820426	0.000799171	0.000215146	8.97186e-05	0.006356919	0.005099456	0.005972746	0.011674465	0.002344116	0.01259199	0.01006192	0.002004762
Del(4,5):M(3,4)	3.47e-05	0.001053899	0.005697245	0.000254031	0.000324151	0.041254829	0.020538623	0.031018067	0.094688943	0.013216886	2.79e-20	2.64e-09	0.003370813	0.00017007	0.010477499	0.051277121	0.008690151	0.000537348	0.000657593	1.0599999999999999e-53	1.15e-56	2.6999999999999997e-141	0.00066699	0.006169793	0.003153879	0.000315094	5.909999999999999e-48	1.18e-60	0.002343608	0.003351838	0.001739629	0.007209041	0.000937647	0.006391561	0.008513932	0.002683131
Del(6,):M1	0.001249629	0.001723758	0.008408603	0.00239878	0.001697281	0.003385906	0.043169776	0.000949419	0.002955149	0.052225654	7.530000000000001e-88	0.315667999	0.003755818	0.002923332	0.01562921	0.00129341	0.002664358	0.004134645	0.025117228	0.000119349	0.000269664	7.97588e-06	1.3e-239	0.0505923	0.001407408	5.42e-05	0.000267304	6.50424e-05	0.012907772	0.001394821	0.005577162	0.055307967	0.003281763	0.023995088	0.00619195	0.000853451
Del(6,):M2	9.43e-08	2.84e-05	0.004151651	0.00176929	0.005394999	0.003403938	0.032148797	3.24e-05	8.93e-06	0.221372503	0.000278469	0.130302429	4.42e-07	0.002873869	0.005783675	0.000398689	7.69e-07	0.004795846	0.015571704	0.000159262	0.000314012	2.79e-47	0.0	0.044916091	0.000206231	0.000107371	0.000300938	2.6800000000000004e-66	0.001607487	0.0016781	0.003507375	0.027296689	0.002344116	0.038971474	0.026315789	0.0
Del(6,):M3	1.06e-05	0.000135906	0.001361287	0.000826571	0.002374024	0.002901481	0.00861496	1.64e-05	0.000102179	0.182849066	0.000177138	0.030460323	0.00062995	0.001014054	0.002729708	0.003073865	8.61e-05	0.002802195	0.008218222	7.3741e-05	0.000102213	1.47898e-06	0.0	0.032329714	0.000811581	0.000209271	0.000283654	1.32104e-05	0.001411984	0.000122379	0.000666624	0.012363007	0.00140647	0.019372682	0.02244582	0.000878355
Del(6,):M(4,)	0.000931593	0.001820841	0.002577065	0.000246203	0.003130539	0.006045252	0.000405277	0.001900312	0.002679778	0.202610667	4.7599999999999996e-150	0.000516265	0.002466484	0.001899698	0.002320029	0.004211047	0.016713703	0.001750149	0.017791046	6.71743e-05	0.000110734	0.0	3.206e-321	0.029615005	0.000649333	7.949999999999999e-228	1.418984e-317	6.59e-151	0.009958441	0.000957503	0.003916667	0.008547518	0.000468823	0.020232096	0.02244582	0.000805383
Complex	0.000531354	0.00010064	0.002613181	0.001368593	0.002059939	0.001951419	2.58e-24	0.001876611	0.00172986	0.0837867	0.000940337	3.44e-06	1.34e-05	0.006224381	0.003190607	2.57366e-05	0.000287455	0.006475	0.006958773	0.000394449	0.001347277	0.000288509	0.000213868	0.010858835	0.000315723	0.001714967	0.001696841	0.000523654	0.000824234	0.00303187	0.000660337	0.009228288	0.000937647	2.4e-33	0.010835913	0.005042687
